site	longitude	latitude	Percent_of_forest_cover_1km	Percent_of_forest_cover_2km	Human_modification_1km	Human_modification_2km	Patch_density_1km	Patch_density_2km	Edge_density_1km	Edge_density_2km		reservoir
GLG23033	97.7165	24.7706	24.7706	35.24137931	32.70386266	0.626978099	0.413124313	33.18584071	29.45831179	136.79941	116.532694	yes
GLG23034	97.718	24.8064	24.8064	59.70689655	63.17446809	0.211323932	0.213633719	15.35956747	9.717030664	62.20624827	37.77887486	yes
GLG23035	97.6605	24.6304	24.6304	46.98275862	53.78723404	0.329555869	0.27768353	21.5093412	16.98803009	110.2507375	80.48568543	yes
GLG23036	97.6227	24.5132	24.5132	75.61666667	73.59401709	0.155448243	0.162316759	6.47968157	4.381229561	27.02952883	19.55123691	no
GLG23037	97.5534	24.486	24.486	42.56666667	49.62660944	0.161819309	0.17093669	7.713906631	5.405532445	38.32268814	22.04517145	no
GLG23038	97.5319	24.4376	24.4376	35.24137931	46.67948718	0.339195013	0.36200182	16.91422948	9.084359239	41.33222622	28.52175547	no
GLG23039	97.6576	24.467	24.467	55.17241379	57.78540773	0.446656376	0.441688486	18.80626464	13.70678447	54.01405845	47.69960994	yes
GLG23040	97.9103	24.6798	24.6798	49.70689655	35.29237288	0.580322504	0.692658171	54.14051926	31.40147689	177.2794389	109.9678154	no
GLG23041a	98.3566	24.8805	24.8805	9.258064516	14.74893617	0.75582695	0.737644906	57.34369219	40.1747956	123.6588975	126.3978949	no
GLG23041b	98.2037	24.7823	24.7823	43.11864407	40.24034335	0.395285428	0.360237658	35.97122302	28.04016479	106.8068622	98.7123455	yes
GLG23042	98.2429	24.6727	24.6727	11.74576271	22.74248927	0.703175485	0.618489382	46.60493827	40.59031933	110.9259259	119.1900706	no
GLG23043	98.2715	24.5415	24.5415	30.94642857	37.32067511	0.703657985	0.522053108	40.10117836	30.66428862	126.2261706	93.07237398	no
GLG23044	97.8946	24.6748	24.6748	16.07142857	29.28389831	0.754176915	0.662928852	14.18964773	25.81977795	57.56061447	90.27533272	no
GLG23045	97.7303	24.4765	24.4765	48.3559322	49.50214592	0.382780224	0.447523922	30.28055865	26.0996632	82.86985539	81.44032632	yes
GLG23046	97.8067	24.4246	24.4246	10.46666667	24.62978723	0.730010629	0.518621946	43.05440231	32.7419418	110.3422825	101.6331806	no
GLG23047	97.856	24.2546	24.2546	11.3220339	11.95319149	0.751558363	0.749352428	20.90635184	17.4638975	36.70909426	44.05131097	yes
GLG23048	98.0218	24.4749	24.4749	21.82758621	31.41525424	0.707100093	0.601872498	35.05858474	30.47037168	91.42909863	95.59393726	yes
GLG23049	97.957	24.0631	24.0631	21.03389831	23.95299145	0.51057142	0.594995156	62.25920789	40.38696346	164.8636153	129.8957453	no
GLG23050	98.1037	24.1656	24.1656	59.88135593	51.8034188	0.462334901	0.609059912	29.20740331	27.48414376	113.2632356	92.57693211	no
GLG23051	98.1383	24.2319	24.2319	40.62068966	44.8212766	0.416783988	0.460301261	37.03703704	25.42140874	154.7222222	109.5623607	yes
GLG23052	98.5525	24.4468	24.4468	5.644067797	6.871244635	0.823894024	0.80538973	53.33579973	51.0639631	155.5678875	145.1093724	no
GLG23053	98.6822	24.6454	24.6454	58.35	66.00862069	0.456297994	0.43610043	21.28447159	12.99087508	58.94873219	32.89195661	yes
GLG23054	98.67	24.7045	24.7045	34.83928571	45.71551724	0.615594149	0.576101324	30.86419753	31.29449686	105.8333333	105.3138056	yes
GLG23055	98.786	24.4282	24.4282	34.40983607	45.53333333	0.672477961	0.622676182	63.33394823	36.33743696	166.8511345	98.90987689	yes
GLG23056	98.828	24.4968	24.4968	50.91666667	56.57264957	0.555345654	0.420981695	21.9014128	15.33322381	62.00259115	49.07413927	yes
GLG23057	98.8908	24.5413	24.5413	25.50847458	42.75431034	0.640588403	0.516909992	32.88765944	22.63577549	96.9110189	69.83410875	yes
GLG23058	98.8977	24.5699	24.5699	53.88333333	55.11538462	0.578737617	0.459113811	17.21223298	16.82790144	44.99769479	51.77514793	no
GLG23059	98.6097	25.3243	25.3243	24.68965517	36.63559322	0.638797104	0.479433053	42.41585984	31.40369013	108.0682342	87.56225919	no
GLG23060	98.5333	25.617	25.617	18.33928571	30.25531915	0.552800238	0.443970537	52.65929437	43.31542858	112.6289378	124.3872118	no
GLG23061	98.6782	24.8443	24.8443	40.9137931	37.38135593	0.564401388	0.613783603	32.41641197	29.72977202	100.9539687	97.63883021	yes
GLG23062	98.7713	24.7307	24.7307	58.15517241	64.65384615	0.664055705	0.523520493	17.22176093	13.46991198	72.42365532	52.6736209	yes
GLG23063	98.8221	24.6941	24.6941	29.29310345	44.08583691	0.577419519	0.595443753	37.68572576	28.55220752	100.3614123	79.24997653	yes
GLG23064	98.9128	24.7784	24.7784	12.75862069	16.57081545	0.610582113	0.517401172	35.16564871	33.39982009	166.2039608	167.4527748	no
GLG23065	98.8385	24.9315	24.9315	19.81355932	25.21367521	0.617308199	0.576153315	39.33136676	30.00250674	159.1076696	141.0979507	no
GLG23066	98.839	25.2364	25.2364	12.03333333	18.88510638	0.644727647	0.550676301	54.0806293	38.21965336	171.7367257	152.5575057	no
GLG23067	98.7998	25.2776	25.2776	26.96551724	39.25321888	0.598385155	0.439467568	43.33794375	29.75910785	153.526971	118.3864298	no
GLG23068	98.8321	25.0907	25.0907	16.06779661	20.68965517	0.65847069	0.520036406	42.60442716	38.41669992	169.5841437	165.0353262	no
GLG01	98.84333	25.87417	25.87417	26.26229508	33.52136752	0.698413908	0.595967398	66.11926069	42.9910494	188.9473199	149.7169169	no
GLG02	98.81139	25.93167	25.93167	44.64285714	36.74893617	0.436239779	0.432030906	19.42825423	23.86709549	105.5601813	114.8672442	no
GLG03	98.82556	26.03028	26.03028	39.2295082	39.0251046	0.427620888	0.392771144	24.08745599	22.99497865	125.3474152	122.952743	no
GLG04	98.85528	26.13444	26.13444	40.8	38.25957447	0.345353514	0.334732063	21.34967047	26.71916749	95.14527058	119.3924905	no
GLG05	98.845	26.27861	26.27861	32.60344828	34.14893617	0.3824839	0.3350962	29.43545888	17.44545362	121.1191671	98.89929358	no
GLG06	98.89167	26.48917	26.48917	30.42372881	40.22649573	0.281311125	0.282128081	32.9971937	21.36150235	110.6485336	89.15492958	no
GLG07	98.86028	26.95944	26.95944	31.62711864	44.98717949	0.679052114	0.477525583	36.88335639	23.08944617	136.2840018	86.31539401	no
GLG08	98.8775	27.12944	27.12944	50.37288136	53.04291845	0.29288274	0.250453964	34.74143762	22.543149	89.37465412	65.84478103	no
GLG09	98.59139	28.04528	28.04528	55.51724138	59.69491525	0.108790874	0.108502151	18.75941815	11.82616323	65.41193837	42.71516177	no
GLG10	98.62972	28.02472	28.02472	29.53571429	45.625	0.407069176	0.23271655	48.73835523	27.45705435	143.0686656	96.40476861	no
GLG11	98.65833	27.96639	27.96639	48.98245614	52.93162393	0.113508552	0.091688649	18.81670677	13.9260511	63.76087359	52.29310426	no
GLG12	98.65806	27.76667	27.76667	54.57142857	59.30508475	0.330248713	0.308852534	22.29654404	12.65822785	53.04719435	30.26254102	no
GLG13	98.41111	27.91111	27.91111	69.48333333	66.48497854	0.097749412	0.100379031	0.617283951	3.209946136	0.37037037	8.455467869	no
GLG14	98.33833	27.89306	27.89306	63.68333333	66.24786325	0.131426752	0.107839352	11.67972952	8.141728708	29.23005994	25.41158787	no
GLG15	98.33111	27.785	27.785	66.71428571	72.46153846	0.101241343	0.095635149	9.282465423	4.061706698	24.69135802	13.19273579	no
GLG16	98.32472	27.8375	27.8375	63.57142857	68.64830508	0.105223589	0.096249879	6.162568559	3.44336448	17.84063598	11.9735174	no
GLG17	98.20417	28.21556	28.21556	59.3559322	55.2034632	0.099884942	0.096224866	16.90954928	10.72894152	37.17026379	35.68743539	no
GLG18	98.235	28.20056	28.20056	62.93333333	57.6637931	0.102725238	0.100826941	17.34659109	11.42088301	43.76916643	31.09452736	no
GLG19	98.23583	28.20222	28.20222	62.4137931	58.27777778	0.102725238	0.100875328	16.10754886	10.62591316	40.33082427	30.5885662	no
GLG20	98.295	28.14667	28.14667	65.9137931	63.58297872	0.103450805	0.101635088	9.223390518	6.734481327	21.85943553	15.31702962	no
GLG21	98.30917	28.12667	28.12667	61.75438596	61.78205128	0.102702916	0.102332003	10.44450588	9.715660234	26.44917519	28.72387937	no
GLG22	98.31972	28.12556	28.12556	62.81666667	62.56465517	0.103309974	0.102120284	14.14253213	10.80192556	40.85962	29.47047082	no
GLG23	98.32583	28.07639	28.07639	60.86885246	61.32905983	0.107699573	0.102627285	10.79347457	7.901304106	39.13405495	24.6192119	no
GLG24	98.32167	28.01333	28.01333	63.53448276	66.14893617	0.106414497	0.094805977	10.53773439	6.420344663	35.33240353	20.34153102	no
GLG25	98.34917	27.69944	27.69944	66.6440678	68.74137931	0.111557223	0.099947851	9.220839096	5.247000595	17.61180267	14.96569871	no
GLG26	98.27056	27.6775	27.6775	78	77.07359307	0.092284091	0.081035586	3.688335639	4.227138227	19.08713693	17.04945752	no
GLG27	98.275	27.68806	27.68806	74.42372881	78.97435897	0.09641517	0.088360053	8.333333333	3.441425376	28.7037037	12.99920222	no
GLG28	98.34583	27.7625	27.7625	65.03571429	70.36864407	0.104556456	0.097875369	7.741855568	4.999726577	26.47714604	16.31160796	no
GLG29	98.34	27.86639	27.86639	59.20338983	64.91880342	0.093271323	0.100732647	15.98278777	8.22407068	44.62886123	26.62249166	no
GLG30	98.84417	26.85972	26.85972	62.17741935	61.50854701	0.265145898	0.315894076	8.022462896	6.414920166	18.51337591	18.30599169	no
GLG31	98.88306	26.78333	26.78333	40.17857143	49.95689655	0.370303035	0.310318836	34.74143762	23.48410126	118.0593986	102.6490066	no
GLG32	98.88944	26.75049	26.75049	33.13793103	43.58119658	0.25796935	0.260876247	33.16286998	24.56618004	136.8665737	111.7682955	no
GLG33	98.89056	26.71611	26.71611	40	49.45762712	0.259943485	0.296684361	33.81909857	23.88559972	100.5349567	92.16708956	no
GLG34	98.89889	26.645	26.645	38.12068966	52.71244635	0.256791204	0.288855501	31.640709	21.84175298	125.9791724	84.59569271	no
GLG35	98.89911	26.58003	26.58003	40.98333333	44.22317597	0.258866757	0.318462946	30.88135384	20.74428945	98.66592551	86.67981776	no
GLG36	98.82306	26.36142	26.36142	55.38983051	64.93191489	0.272488445	0.285149744	14.18570944	9.86123829	87.33462855	53.3915616	no
GLG37	98.84444	25.74917	25.74917	29.35	34.78111588	0.539642096	0.556503615	39.03488551	31.00556691	153.526971	130.8340967	no
GLG38	98.86278	25.54361	25.54361	39.42857143	28.94444444	0.610972524	0.542782287	30.22172881	32.08815634	119.3449903	139.6539175	no
GLG39	98.85972	25.50056	25.50056	24.75862069	26.44871795	0.671582997	0.622272909	37.66478343	33.08694122	147.077892	148.0933943	no
GLG40	98.83667	25.36944	25.36944	33.43333333	42.90638298	0.684097111	0.577648759	39.17576655	23.07319286	133.2593004	101.9522268	no
GLG41	98.80667	25.30667	25.30667	41.6440678	47.03418803	0.42995894	0.423763188	27.22856524	24.22083148	120.3007519	107.095141	no
GLG42	98.67361	25.03284	25.03284	34.45762712	42.08974359	0.328900635	0.467218769	49.35529644	34.8200313	134.092171	112.2065728	no
GLG43	98.47917	25.33417	25.33417	26.4137931	29.3034188	0.669923484	0.64463867	43.34993544	40.79842758	125.3458771	124.533089	no
GLG44	98.36669	25.10422	25.10422	52.39285714	58.83829787	0.483656496	0.403512796	26.73303835	19.66360353	84.34734513	59.34334532	no
GLG45	98.29067	25.29553	25.29553	26.43103448	35.82478632	0.552774191	0.518000297	40.83387062	35.80185982	109.3303859	105.8544267	no
GLG46	98.22678	25.42025	25.42025	52.4137931	52.24680851	0.363406599	0.326575117	27.76235425	20.26033355	98.74143994	73.52388998	yes
GLG47	98.17664	25.11187	25.11187	47.66666667	54.45493562	0.41029948	0.346788237	20.90635184	16.44582276	83.37945029	62.3531623	yes
GLG50	98.12822	25.15589	25.15589	37.25	44.87068966	0.636233807	0.413178317	32.39840785	28.16504718	97.19522355	87.35858799	no
GLG52	97.92778	25.15556	25.15556	69.6779661	70.05982906	0.155287221	0.154102787	15.05653884	13.78219434	63.14528024	48.13587991	no
GLG53	97.8625	25.10139	25.10139	76.03333333	77.23504274	0.27482596	0.241859737	12.29785402	11.27236861	36.52462645	34.02846273	yes
GLG54	97.75806	25.08889	25.08889	56.47540984	52.93589744	0.168095112	0.193768144	22.2160511	17.75712632	69.61029344	63.36243312	yes
GLG55	97.82444	24.97111	24.97111	58.62068966	68.88793103	0.321277589	0.272671333	20.98765432	15.64504521	78.88888889	58.78625739	yes
GLG56	97.94083	24.98583	24.98583	33.64285714	52.29613734	0.469081849	0.304050409	18.21493625	14.7063425	85.67194591	59.46681686	no
GLG57	97.92944	24.82861	24.82861	16.46666667	36.11965812	0.326721847	0.258138823	38.7275242	27.32753896	152.7893038	132.3702138	no
GLG58	97.57028	24.74194	24.74194	45.54237288	47.41452991	0.417218864	0.431446208	9.287638154	10.54481547	17.0892542	28.65846514	no
GLG59	97.58194	24.71361	24.71361	52.3220339	56.03862661	0.333462328	0.273852192	7.436326455	12.04583676	17.28945901	30.9750088	no
GLG60	97.59139	24.66472	24.66472	57.57894737	50.83050847	0.161018193	0.241537075	10.48800049	11.02975688	31.3714603	35.69417066	no
GLG61	97.60556	24.60556	24.60556	61.70491803	69.73819742	0.382428557	0.22216593	18.43148097	11.98702581	63.77292415	37.04226014	no
GLG62	97.56814	24.69969	24.69969	47.69642857	47.9279661	0.237749517	0.212578536	18.13431689	14.33237001	40.20285846	37.1231879	no
GLG63	97.58806	24.68056	24.68056	34.57627119	46.37446809	0.370081306	0.3134988	14.21332345	9.222136253	47.64553207	27.97120818	no
GLG64	97.978583	25.15494	25.15494	39.38983051	56.47234043	0.248573169	0.229977293	31.15553088	18.38422243	109.9389228	70.17296815	no
GLG66	98.02075	25.23647	25.23647	52.18032787	51.69787234	0.189174175	0.183922844	10.7546706	10.73045413	45.90707965	49.76737629	no
GLG67	98.09361	25.27361	25.27361	69.48275862	74.22978723	0.246763855	0.205522721	17.27915085	8.057765574	40.63686013	22.13147457	no
GLG68	98.12472	24.96611	24.96611	40.9	52.55128205	0.35088253	0.272497052	34.7510533	23.4140688	113.848141	82.43474992	no